0.37716 0.192112 0.303649 -0.413761 0.60351 -0.21811 0.381637
0.422911 0.407341 -0.105295 -0.372613 -0.40309 0.584809 0.0284587
0.454865 -0.302286 -0.683732 -0.0900567 -0.159814 -0.416981 0.163428
0.431497 -0.678781 0.388917 -0.0971329 0.0027847 0.190047 -0.395284
0.380877 0.251691 -0.259696 0.585533 0.487729 0.226513 -0.303489
0.237187 -0.121915 0.295747 0.555917 -0.263545 0.106494 0.671991
0.290655 0.408452 0.350794 0.143262 -0.374714 -0.581195 -0.356241

0.538714 0.0574648 -0.237353 0.432942 -0.295023 0.234143 -0.566435
0.370406 0.387998 -0.471684 0.252547 0.264244 -0.259562 0.537396
0.286829 -0.402455 0.165817 0.0764121 0.813446 -0.0762972 -0.234329
0.278263 -0.0569406 0.737686 0.433987 -0.218826 -0.0719196 0.36571
0.481043 -0.187264 -0.0236547 -0.50675 -0.0562969 0.598965 0.338004
0.314846 0.617319 0.347387 -0.479733 0.057244 -0.279796 -0.295645
0.286976 -0.51458 -0.168121 -0.260114 -0.356528 -0.655565 0.00707113


3.64099 0 0 0 0 0 0
0 1.27859 0 0 0 0 0
0 0 0.869481 0 0 0 0
0 0 0 0.779536 0 0 0
0 0 0 0 0.465964 0 0
0 0 0 0 0 0.181056 0
0 0 0 0 0 0 0.130052

0.397979 -0.329792 -0.312542 0.0789371 0.793055
0.387337 0.441788 -0.634894 -0.452921 -0.215789
0.428167 -0.106713 -0.214904 0.763392 -0.419922
0.555297 -0.512545 0.39203 -0.434493 -0.294061
0.447102 0.649593 0.547135 0.130689 0.24838

0.246672 0.479707 -0.076267 -0.583978 -0.601819
0.440901 -0.201357 0.704832 -0.404546 0.323445
0.365736 -0.047956 0.380234 0.639541 -0.557087
0.56546 0.577486 -0.246419 0.269065 0.462219
0.539678 -0.627333 -0.540458 -0.11791 -0.0959368

2.52605 0 0 0 0
0 0.927954 0 0 0
0 0 0.659556 0 0
0 0 0 0.510931 0
0 0 0 0 0.171948


0.602064 -0.0682479 -0.739162 0.294109
0.352594 0.914711 0.196885 -0.0147126
0.403507 -0.275526 0.604462 0.629201
0.591927 -0.287629 0.22249 -0.719298

0.456488 -0.0755567 -0.565865 -0.42694 0.310015 0.432804
0.248086 0.896717 0.296042 -0.017633 0.135137 0.167747
0.4389 0.153342 -0.319342 -0.0466864 -0.116693 -0.816135
0.56011 -0.353271 0.65331 -0.315409 -0.186039 0.0238523
0.24288 0.0790615 -0.247257 0.331456 -0.805731 0.338463
0.405863 -0.188747 0.047195 0.778387 0.433819 0.0577789


2.04428 0 0 0 0 0
0 0.841139 0 0 0 0
0 0 0.598454 0 0 0
0 0 0 0.359462 0 0















0.276923 0.0986344 0.558064 0.651316 0.245562 -0.342981
0.464393 -0.173415 -0.147992 0.43296 -0.395656 0.62319
0.55311 -0.19544 0.277171 -0.464174 -0.470583 -0.377019
0.221904 -0.0603613 0.469144 -0.400352 0.524275 0.540253
0.342341 0.914808 -0.179353 -0.112106 -0.000300762 0.0345585
0.48506 -0.285456 -0.581012 0.00521457 0.535576 -0.242462


0.609795 -0.238454 -0.252924 0.712263
0.353801 0.88611 0.284046 0.0946169
0.499953 -0.393352 0.707168 -0.308601
0.503013 0.0567753 -0.596037 -0.623293

2.68965 0 0 0
0 0.878242 0 0
0 0 0.711424 0
0 0 0 0.185045
0 0 0 0
0 0 0 0












